5
3200000003
Ava
998
409
13982336788
4837959
83797924@qq.com
1
20120715
0
1
1
-1
2
3200000002
Bella
998
409
13982336788
4837959
83797924@qq.com
1
20120715
0
1
1
-1
0
3200000000
A1
998
409
13982336788
4837959
83797924@qq.com
1
20120715
0
1
1
-1
0
3200000006
A2
998
409
13982336788
4837959
83797924@qq.com
1
20120715
0
1
1
-1
0
3200000004
A3
998
409
13982336788
4837959
83797924@qq.com
1
20120715
0
1
1
-1
1
3200000005
A4
998
409
13982336788
4837959
83797924@qq.com
1
20120715
0
1
1
-1
0
3200000001
A5
998
409
13982336788
4837959
83797924@qq.com
1
20120715
0
1
1
-1
0
3200000010
A6
998
409
13982336788
4837959
83797924@qq.com
1
20120715
0
1
1
-1
1
3200000022
A7
998
409
13982336788
4837959
83797924@qq.com
1
20120715
0
1
1
-1
2
